5

3 3 3 5 5 0 2 
1 5 1 5 2 4 1 
4 5 0 4 0 4 1 
5 2 3 0 3 2 4 
1 2 2 3 4 3 0 
0 1 1 5 4 2 0 

1 0 1 0 1 0 1 1 0 1 1 1 0 1 1 1 0 1 1 0 0 

Soluciones válidas:



['011010110010001010100', '011010110010011101100', '011010110111001010100', '011010110111011101100', '011010111101001010100', '011010111101011101100', '011010111111101010100', '011010111111111101100', '101010110010001010100', '101010110010011101100', '101010110111001010100', '101010110111011101100', '101010111101001010100', '101010111101011101100', '101010111111101010100', '101010111111111101100']
